1534270
1286980
1071220
1434350
1536720
618850
862440
1387460
1243890
1466680
1489810
1332570
1112890
1091500
578650
1471940
604540
1462910
1342620
1394550
1444360
1164480
1422380
1131800
1388860
1292520
1432620
1140270
1142390
662960
854940
1419740
1418090
1177650
757320
1041720
1279630
1020030
808980
1351370
1160220
1366060
1385990
1233800
1361760
1329110
1101310
1034850
1266220
1259430
1247020
1202870
1244260
1238730
1327540
1047010
1358640
1351820
1286830
1255990
1293980
978780
1250650
585180
885640
1222670
957820
1023700
890720
1249500
1132290
1238000
1238020
1222690
1238040
1156980
1187600
1296260
1288030
1114870
755470
1297160
764230
1281140
1048740
1274630
1274200
1284300
1111370
1267260
1058140
1238400
1121300
1151340
1040390
1040630
1019450
1060210
1051410
441440
985950
857200
1262190
1138630
1115690
1230200
1233270
817840
1236480
1041210
1082700
1225110
1223390
956560
897930
962220
1141360
920320
1161650
1096410
632470
1163600
1118880
1003750
355270
1014750
1165020
1164740
1157640
421170
1029100
794540
552620
849740
779290
1013580
970400
1030950
947070
606880
710710
1148400
1073840
594130
1135450
963770
819020
793450
925440
411370
512890
1086030
1099660
759220
804010
1094930
1044490
1064130
1091640
683180
997060
812810
806490
982450
1034880
1023690
1003020
1054560
1026390
986280
1032580
978870
1035700
889600
1022000
933480
950850
1014880
844660
897830
910630
596970
740550
632900
881560
968950
984560
666140
738540
976940
993750
990180
765210
433100
936610
836490
766560
952020
886380
952030
