1534270
1286980
1071220
1434350
1536720
618850
862440
1387460
1243890
1466680
1489810
1332570
1112890
1091500
578650
1471940
604540
1462910
1342620
1394550
1444360
1164480
1422380
1131800
1388860
1292520
1432620
1140270
1142390
662960
854940
1419740
1418090
1177650
757320
1041720
1279630
1020030
808980
1351370
1160220
1366060
1385990
1233800
1361760
1329110
1101310
1034850
1266220
1259430
1247020
1202870
1244260
1238730
1327540
1047010
1358640
1351820
1286830
1255990
1293980
978780
1250650
585180
885640
1222670
957820
1023700
890720
1249500
1132290
1238000
1238020
1222690
1238040
1156980
1187600
1296260
1288030
1114870
755470
1297160
764230
1281140
1048740
1274630
1274200
1284300
1111370
1267260
1058140
1238400
1121300
1151340
1040390
1040630
1019450
1060210
1051410
441440
